# DESCRIPTION: Verilator output: Timestamp data for --skip-identical.  Delete at will.
C "-cc out/aes128/Aes128Core.v --exe sim/aes128_tb.cpp -O3"
S   7892640 81936737  1762780438   654660420  1598506306           0 "/usr/bin/verilator_bin"
T   1199090 84084032  1763220276   129783120  1763220276   129783120 "obj_dir/VAes128Core.cpp"
T    310465 84084030  1763220276    97783469  1763220276    97783469 "obj_dir/VAes128Core.h"
T      1798 84084055  1763220276   633777619  1763220276   633777619 "obj_dir/VAes128Core.mk"
T   1211148 84084033  1763220276   157782814  1763220276   157782814 "obj_dir/VAes128Core__1.cpp"
T   1277481 84084042  1763220276   385780326  1763220276   385780326 "obj_dir/VAes128Core__10.cpp"
T   1263024 84084043  1763220276   409780064  1763220276   409780064 "obj_dir/VAes128Core__11.cpp"
T   1281959 84084044  1763220276   433779802  1763220276   433779802 "obj_dir/VAes128Core__12.cpp"
T   1268187 84084045  1763220276   457779539  1763220276   457779539 "obj_dir/VAes128Core__13.cpp"
T   1273217 84084046  1763220276   481779277  1763220276   481779277 "obj_dir/VAes128Core__14.cpp"
T   1275431 84084047  1763220276   505779015  1763220276   505779015 "obj_dir/VAes128Core__15.cpp"
T   1285389 84084048  1763220276   529778753  1763220276   529778753 "obj_dir/VAes128Core__16.cpp"
T   1266177 84084049  1763220276   553778491  1763220276   553778491 "obj_dir/VAes128Core__17.cpp"
T   1272769 84084050  1763220276   577778229  1763220276   577778229 "obj_dir/VAes128Core__18.cpp"
T   1250017 84084051  1763220276   601777968  1763220276   601777968 "obj_dir/VAes128Core__19.cpp"
T   1264778 84084034  1763220276   185782508  1763220276   185782508 "obj_dir/VAes128Core__2.cpp"
T   1251991 84084052  1763220276   625777706  1763220276   625777706 "obj_dir/VAes128Core__20.cpp"
T    392367 84084053  1763220276   633777619  1763220276   633777619 "obj_dir/VAes128Core__21.cpp"
T   1267666 84084035  1763220276   209782246  1763220276   209782246 "obj_dir/VAes128Core__3.cpp"
T   1276501 84084036  1763220276   237781941  1763220276   237781941 "obj_dir/VAes128Core__4.cpp"
T   1272735 84084037  1763220276   261781679  1763220276   261781679 "obj_dir/VAes128Core__5.cpp"
T   1267803 84084038  1763220276   285781417  1763220276   285781417 "obj_dir/VAes128Core__6.cpp"
T   1280699 84084039  1763220276   309781155  1763220276   309781155 "obj_dir/VAes128Core__7.cpp"
T   1267782 84084040  1763220276   337780850  1763220276   337780850 "obj_dir/VAes128Core__8.cpp"
T   1273365 84084041  1763220276   361780588  1763220276   361780588 "obj_dir/VAes128Core__9.cpp"
T    323729 84084031  1763220276   105783382  1763220276   105783382 "obj_dir/VAes128Core__Slow.cpp"
T       564 84083975  1763220276    85783600  1763220276    85783600 "obj_dir/VAes128Core__Syms.cpp"
T       816 84083976  1763220276    85783600  1763220276    85783600 "obj_dir/VAes128Core__Syms.h"
T       868 84084056  1763220276   633777619  1763220276   633777619 "obj_dir/VAes128Core__ver.d"
T         0        0  1763220276   633777619  1763220276   633777619 "obj_dir/VAes128Core__verFiles.dat"
T      1956 84084054  1763220276   633777619  1763220276   633777619 "obj_dir/VAes128Core_classes.mk"
S   1880661 84083884  1763220264   421912634  1763220264   421912634 "out/aes128/Aes128Core.v"
